   10   10      0.05
   10   50      0.27
   10  100      0.50
   10  500      2.48
   10 1000      4.79
   10 2000      9.54
   50   10      0.25
   50   50      1.25
   50  100      2.53
   50  500      12.56
   50 1000      25.12
   50 2000      50.21
  100   10      0.51
  100   50      2.56
  100  100      5.13
  100  500      25.55
  100 1000      50.95
  100 2000      101.95
  200   10      1.04
  200   50      5.24
  200  100      10.46
  200  500      52.06
  200 1000      105.19
  200 2000      210.01
  300   10      1.63
  300   50      8.12
  300  100      16.21
  300  500      80.88
  300 1000      161.48
  300 2000      325.44
  400   10      2.19
  400   50      11.16
  400  100      22.02
  400  500      111.04
  400 1000      221.14
  400 2000      444.12
